systems/c1355.txt
-587 -579 620 1 0
587 -620 1 0
579 -620 1 0
-587 -580 621 2 0
587 -621 2 0
580 -621 2 0
-587 -581 622 3 0
587 -622 3 0
581 -622 3 0
-587 -582 623 4 0
587 -623 4 0
582 -623 4 0
-587 -583 624 5 0
587 -624 5 0
583 -624 5 0
-587 -584 625 6 0
587 -625 6 0
584 -625 6 0
-587 -585 626 7 0
587 -626 7 0
585 -626 7 0
-587 -586 627 8 0
587 -627 8 0
586 -627 8 0
-548 -547 -628 9 0
548 628 9 0
547 628 9 0
-550 -549 -629 10 0
550 629 10 0
549 629 10 0
-552 -551 -630 11 0
552 630 11 0
551 630 11 0
-554 -553 -631 12 0
554 631 12 0
553 631 12 0
-556 -555 -632 13 0
556 632 13 0
555 632 13 0
-558 -557 -633 14 0
558 633 14 0
557 633 14 0
-560 -559 -634 15 0
560 634 15 0
559 634 15 0
-562 -561 -635 16 0
562 635 16 0
561 635 16 0
-564 -563 -636 17 0
564 636 17 0
563 636 17 0
-566 -565 -637 18 0
566 637 18 0
565 637 18 0
-568 -567 -638 19 0
568 638 19 0
567 638 19 0
-570 -569 -639 20 0
570 639 20 0
569 639 20 0
-572 -571 -640 21 0
572 640 21 0
571 640 21 0
-574 -573 -641 22 0
574 641 22 0
573 641 22 0
-576 -575 -642 23 0
576 642 23 0
575 642 23 0
-578 -577 -643 24 0
578 643 24 0
577 643 24 0
-551 -547 -644 25 0
551 644 25 0
547 644 25 0
-559 -555 -645 26 0
559 645 26 0
555 645 26 0
-552 -548 -646 27 0
552 646 27 0
548 646 27 0
-560 -556 -647 28 0
560 647 28 0
556 647 28 0
-553 -549 -648 29 0
553 648 29 0
549 648 29 0
-561 -557 -649 30 0
561 649 30 0
557 649 30 0
-554 -550 -650 31 0
554 650 31 0
550 650 31 0
-562 -558 -651 32 0
562 651 32 0
558 651 32 0
-567 -563 -652 33 0
567 652 33 0
563 652 33 0
-575 -571 -653 34 0
575 653 34 0
571 653 34 0
-568 -564 -654 35 0
568 654 35 0
564 654 35 0
-576 -572 -655 36 0
576 655 36 0
572 655 36 0
-569 -565 -656 37 0
569 656 37 0
565 656 37 0
-577 -573 -657 38 0
577 657 38 0
573 657 38 0
-570 -566 -658 39 0
570 658 39 0
566 658 39 0
-578 -574 -659 40 0
578 659 40 0
574 659 40 0
-628 -547 -660 41 0
628 660 41 0
547 660 41 0
-628 -548 -661 42 0
628 661 42 0
548 661 42 0
-629 -549 -662 43 0
629 662 43 0
549 662 43 0
-629 -550 -663 44 0
629 663 44 0
550 663 44 0
-630 -551 -664 45 0
630 664 45 0
551 664 45 0
-630 -552 -665 46 0
630 665 46 0
552 665 46 0
-631 -553 -666 47 0
631 666 47 0
553 666 47 0
-631 -554 -667 48 0
631 667 48 0
554 667 48 0
-632 -555 -668 49 0
632 668 49 0
555 668 49 0
-632 -556 -669 50 0
632 669 50 0
556 669 50 0
-633 -557 -670 51 0
633 670 51 0
557 670 51 0
-633 -558 -671 52 0
633 671 52 0
558 671 52 0
-634 -559 -672 53 0
634 672 53 0
559 672 53 0
-634 -560 -673 54 0
634 673 54 0
560 673 54 0
-635 -561 -674 55 0
635 674 55 0
561 674 55 0
-635 -562 -675 56 0
635 675 56 0
562 675 56 0
-636 -563 -676 57 0
636 676 57 0
563 676 57 0
-636 -564 -677 58 0
636 677 58 0
564 677 58 0
-637 -565 -678 59 0
637 678 59 0
565 678 59 0
-637 -566 -679 60 0
637 679 60 0
566 679 60 0
-638 -567 -680 61 0
638 680 61 0
567 680 61 0
-638 -568 -681 62 0
638 681 62 0
568 681 62 0
-639 -569 -682 63 0
639 682 63 0
569 682 63 0
-639 -570 -683 64 0
639 683 64 0
570 683 64 0
-640 -571 -684 65 0
640 684 65 0
571 684 65 0
-640 -572 -685 66 0
640 685 66 0
572 685 66 0
-641 -573 -686 67 0
641 686 67 0
573 686 67 0
-641 -574 -687 68 0
641 687 68 0
574 687 68 0
-642 -575 -688 69 0
642 688 69 0
575 688 69 0
-642 -576 -689 70 0
642 689 70 0
576 689 70 0
-643 -577 -690 71 0
643 690 71 0
577 690 71 0
-643 -578 -691 72 0
643 691 72 0
578 691 72 0
-644 -547 -692 73 0
644 692 73 0
547 692 73 0
-644 -551 -693 74 0
644 693 74 0
551 693 74 0
-645 -555 -694 75 0
645 694 75 0
555 694 75 0
-645 -559 -695 76 0
645 695 76 0
559 695 76 0
-646 -548 -696 77 0
646 696 77 0
548 696 77 0
-646 -552 -697 78 0
646 697 78 0
552 697 78 0
-647 -556 -698 79 0
647 698 79 0
556 698 79 0
-647 -560 -699 80 0
647 699 80 0
560 699 80 0
-648 -549 -700 81 0
648 700 81 0
549 700 81 0
-648 -553 -701 82 0
648 701 82 0
553 701 82 0
-649 -557 -702 83 0
649 702 83 0
557 702 83 0
-649 -561 -703 84 0
649 703 84 0
561 703 84 0
-650 -550 -704 85 0
650 704 85 0
550 704 85 0
-650 -554 -705 86 0
650 705 86 0
554 705 86 0
-651 -558 -706 87 0
651 706 87 0
558 706 87 0
-651 -562 -707 88 0
651 707 88 0
562 707 88 0
-652 -563 -708 89 0
652 708 89 0
563 708 89 0
-652 -567 -709 90 0
652 709 90 0
567 709 90 0
-653 -571 -710 91 0
653 710 91 0
571 710 91 0
-653 -575 -711 92 0
653 711 92 0
575 711 92 0
-654 -564 -712 93 0
654 712 93 0
564 712 93 0
-654 -568 -713 94 0
654 713 94 0
568 713 94 0
-655 -572 -714 95 0
655 714 95 0
572 714 95 0
-655 -576 -715 96 0
655 715 96 0
576 715 96 0
-656 -565 -716 97 0
656 716 97 0
565 716 97 0
-656 -569 -717 98 0
656 717 98 0
569 717 98 0
-657 -573 -718 99 0
657 718 99 0
573 718 99 0
-657 -577 -719 100 0
657 719 100 0
577 719 100 0
-658 -566 -720 101 0
658 720 101 0
566 720 101 0
-658 -570 -721 102 0
658 721 102 0
570 721 102 0
-659 -574 -722 103 0
659 722 103 0
574 722 103 0
-659 -578 -723 104 0
659 723 104 0
578 723 104 0
-661 -660 -724 105 0
661 724 105 0
660 724 105 0
-663 -662 -725 106 0
663 725 106 0
662 725 106 0
-665 -664 -726 107 0
665 726 107 0
664 726 107 0
-667 -666 -727 108 0
667 727 108 0
666 727 108 0
-669 -668 -728 109 0
669 728 109 0
668 728 109 0
-671 -670 -729 110 0
671 729 110 0
670 729 110 0
-673 -672 -730 111 0
673 730 111 0
672 730 111 0
-675 -674 -731 112 0
675 731 112 0
674 731 112 0
-677 -676 -732 113 0
677 732 113 0
676 732 113 0
-679 -678 -733 114 0
679 733 114 0
678 733 114 0
-681 -680 -734 115 0
681 734 115 0
680 734 115 0
-683 -682 -735 116 0
683 735 116 0
682 735 116 0
-685 -684 -736 117 0
685 736 117 0
684 736 117 0
-687 -686 -737 118 0
687 737 118 0
686 737 118 0
-689 -688 -738 119 0
689 738 119 0
688 738 119 0
-691 -690 -739 120 0
691 739 120 0
690 739 120 0
-693 -692 -740 121 0
693 740 121 0
692 740 121 0
-695 -694 -741 122 0
695 741 122 0
694 741 122 0
-697 -696 -742 123 0
697 742 123 0
696 742 123 0
-699 -698 -743 124 0
699 743 124 0
698 743 124 0
-701 -700 -744 125 0
701 744 125 0
700 744 125 0
-703 -702 -745 126 0
703 745 126 0
702 745 126 0
-705 -704 -746 127 0
705 746 127 0
704 746 127 0
-707 -706 -747 128 0
707 747 128 0
706 747 128 0
-709 -708 -748 129 0
709 748 129 0
708 748 129 0
-711 -710 -749 130 0
711 749 130 0
710 749 130 0
-713 -712 -750 131 0
713 750 131 0
712 750 131 0
-715 -714 -751 132 0
715 751 132 0
714 751 132 0
-717 -716 -752 133 0
717 752 133 0
716 752 133 0
-719 -718 -753 134 0
719 753 134 0
718 753 134 0
-721 -720 -754 135 0
721 754 135 0
720 754 135 0
-723 -722 -755 136 0
723 755 136 0
722 755 136 0
-725 -724 -756 137 0
725 756 137 0
724 756 137 0
-727 -726 -757 138 0
727 757 138 0
726 757 138 0
-729 -728 -758 139 0
729 758 139 0
728 758 139 0
-731 -730 -759 140 0
731 759 140 0
730 759 140 0
-733 -732 -760 141 0
733 760 141 0
732 760 141 0
-735 -734 -761 142 0
735 761 142 0
734 761 142 0
-737 -736 -762 143 0
737 762 143 0
736 762 143 0
-739 -738 -763 144 0
739 763 144 0
738 763 144 0
-741 -740 -764 145 0
741 764 145 0
740 764 145 0
-743 -742 -765 146 0
743 765 146 0
742 765 146 0
-745 -744 -766 147 0
745 766 147 0
744 766 147 0
-747 -746 -767 148 0
747 767 148 0
746 767 148 0
-749 -748 -768 149 0
749 768 149 0
748 768 149 0
-751 -750 -769 150 0
751 769 150 0
750 769 150 0
-753 -752 -770 151 0
753 770 151 0
752 770 151 0
-755 -754 -771 152 0
755 771 152 0
754 771 152 0
-756 -724 -772 153 0
756 772 153 0
724 772 153 0
-756 -725 -773 154 0
756 773 154 0
725 773 154 0
-757 -726 -774 155 0
757 774 155 0
726 774 155 0
-757 -727 -775 156 0
757 775 156 0
727 775 156 0
-758 -728 -776 157 0
758 776 157 0
728 776 157 0
-758 -729 -777 158 0
758 777 158 0
729 777 158 0
-759 -730 -778 159 0
759 778 159 0
730 778 159 0
-759 -731 -779 160 0
759 779 160 0
731 779 160 0
-760 -732 -780 161 0
760 780 161 0
732 780 161 0
-760 -733 -781 162 0
760 781 162 0
733 781 162 0
-761 -734 -782 163 0
761 782 163 0
734 782 163 0
-761 -735 -783 164 0
761 783 164 0
735 783 164 0
-762 -736 -784 165 0
762 784 165 0
736 784 165 0
-762 -737 -785 166 0
762 785 166 0
737 785 166 0
-763 -738 -786 167 0
763 786 167 0
738 786 167 0
-763 -739 -787 168 0
763 787 168 0
739 787 168 0
-764 -740 -788 169 0
764 788 169 0
740 788 169 0
-764 -741 -789 170 0
764 789 170 0
741 789 170 0
-765 -742 -790 171 0
765 790 171 0
742 790 171 0
-765 -743 -791 172 0
765 791 172 0
743 791 172 0
-766 -744 -792 173 0
766 792 173 0
744 792 173 0
-766 -745 -793 174 0
766 793 174 0
745 793 174 0
-767 -746 -794 175 0
767 794 175 0
746 794 175 0
-767 -747 -795 176 0
767 795 176 0
747 795 176 0
-768 -748 -796 177 0
768 796 177 0
748 796 177 0
-768 -749 -797 178 0
768 797 178 0
749 797 178 0
-769 -750 -798 179 0
769 798 179 0
750 798 179 0
-769 -751 -799 180 0
769 799 180 0
751 799 180 0
-770 -752 -800 181 0
770 800 181 0
752 800 181 0
-770 -753 -801 182 0
770 801 182 0
753 801 182 0
-771 -754 -802 183 0
771 802 183 0
754 802 183 0
-771 -755 -803 184 0
771 803 184 0
755 803 184 0
-773 -772 -804 185 0
773 804 185 0
772 804 185 0
-775 -774 -805 186 0
775 805 186 0
774 805 186 0
-777 -776 -806 187 0
777 806 187 0
776 806 187 0
-779 -778 -807 188 0
779 807 188 0
778 807 188 0
-781 -780 -808 189 0
781 808 189 0
780 808 189 0
-783 -782 -809 190 0
783 809 190 0
782 809 190 0
-785 -784 -810 191 0
785 810 191 0
784 810 191 0
-787 -786 -811 192 0
787 811 192 0
786 811 192 0
-789 -788 -812 193 0
789 812 193 0
788 812 193 0
-791 -790 -813 194 0
791 813 194 0
790 813 194 0
-793 -792 -814 195 0
793 814 195 0
792 814 195 0
-795 -794 -815 196 0
795 815 196 0
794 815 196 0
-797 -796 -816 197 0
797 816 197 0
796 816 197 0
-799 -798 -817 198 0
799 817 198 0
798 817 198 0
-801 -800 -818 199 0
801 818 199 0
800 818 199 0
-803 -802 -819 200 0
803 819 200 0
802 819 200 0
-805 -804 -820 201 0
805 820 201 0
804 820 201 0
-807 -806 -821 202 0
807 821 202 0
806 821 202 0
-806 -804 -822 203 0
806 822 203 0
804 822 203 0
-807 -805 -823 204 0
807 823 204 0
805 823 204 0
-809 -808 -824 205 0
809 824 205 0
808 824 205 0
-811 -810 -825 206 0
811 825 206 0
810 825 206 0
-810 -808 -826 207 0
810 826 207 0
808 826 207 0
-811 -809 -827 208 0
811 827 208 0
809 827 208 0
-820 -804 -828 209 0
820 828 209 0
804 828 209 0
-820 -805 -829 210 0
820 829 210 0
805 829 210 0
-821 -806 -830 211 0
821 830 211 0
806 830 211 0
-821 -807 -831 212 0
821 831 212 0
807 831 212 0
-822 -804 -832 213 0
822 832 213 0
804 832 213 0
-822 -806 -833 214 0
822 833 214 0
806 833 214 0
-823 -805 -834 215 0
823 834 215 0
805 834 215 0
-823 -807 -835 216 0
823 835 216 0
807 835 216 0
-824 -808 -836 217 0
824 836 217 0
808 836 217 0
-824 -809 -837 218 0
824 837 218 0
809 837 218 0
-825 -810 -838 219 0
825 838 219 0
810 838 219 0
-825 -811 -839 220 0
825 839 220 0
811 839 220 0
-826 -808 -840 221 0
826 840 221 0
808 840 221 0
-826 -810 -841 222 0
826 841 222 0
810 841 222 0
-827 -809 -842 223 0
827 842 223 0
809 842 223 0
-827 -811 -843 224 0
827 843 224 0
811 843 224 0
-829 -828 -844 225 0
829 844 225 0
828 844 225 0
-831 -830 -845 226 0
831 845 226 0
830 845 226 0
-833 -832 -846 227 0
833 846 227 0
832 846 227 0
-835 -834 -847 228 0
835 847 228 0
834 847 228 0
-837 -836 -848 229 0
837 848 229 0
836 848 229 0
-839 -838 -849 230 0
839 849 230 0
838 849 230 0
-841 -840 -850 231 0
841 850 231 0
840 850 231 0
-843 -842 -851 232 0
843 851 232 0
842 851 232 0
-848 -620 -852 233 0
848 852 233 0
620 852 233 0
-849 -621 -853 234 0
849 853 234 0
621 853 234 0
-850 -622 -854 235 0
850 854 235 0
622 854 235 0
-851 -623 -855 236 0
851 855 236 0
623 855 236 0
-844 -624 -856 237 0
844 856 237 0
624 856 237 0
-845 -625 -857 238 0
845 857 238 0
625 857 238 0
-846 -626 -858 239 0
846 858 239 0
626 858 239 0
-847 -627 -859 240 0
847 859 240 0
627 859 240 0
-852 -620 -860 241 0
852 860 241 0
620 860 241 0
-852 -848 -861 242 0
852 861 242 0
848 861 242 0
-853 -621 -862 243 0
853 862 243 0
621 862 243 0
-853 -849 -863 244 0
853 863 244 0
849 863 244 0
-854 -622 -864 245 0
854 864 245 0
622 864 245 0
-854 -850 -865 246 0
854 865 246 0
850 865 246 0
-855 -623 -866 247 0
855 866 247 0
623 866 247 0
-855 -851 -867 248 0
855 867 248 0
851 867 248 0
-856 -624 -868 249 0
856 868 249 0
624 868 249 0
-856 -844 -869 250 0
856 869 250 0
844 869 250 0
-857 -625 -870 251 0
857 870 251 0
625 870 251 0
-857 -845 -871 252 0
857 871 252 0
845 871 252 0
-858 -626 -872 253 0
858 872 253 0
626 872 253 0
-858 -846 -873 254 0
858 873 254 0
846 873 254 0
-859 -627 -874 255 0
859 874 255 0
627 874 255 0
-859 -847 -875 256 0
859 875 256 0
847 875 256 0
-861 -860 -876 257 0
861 876 257 0
860 876 257 0
-863 -862 -877 258 0
863 877 258 0
862 877 258 0
-865 -864 -878 259 0
865 878 259 0
864 878 259 0
-867 -866 -879 260 0
867 879 260 0
866 879 260 0
-869 -868 -880 261 0
869 880 261 0
868 880 261 0
-871 -870 -881 262 0
871 881 262 0
870 881 262 0
-873 -872 -882 263 0
873 882 263 0
872 882 263 0
-875 -874 -883 264 0
875 883 264 0
874 883 264 0
-876 -812 -884 265 0
876 884 265 0
812 884 265 0
-877 -813 -885 266 0
877 885 266 0
813 885 266 0
-878 -814 -886 267 0
878 886 267 0
814 886 267 0
-879 -815 -887 268 0
879 887 268 0
815 887 268 0
-880 -816 -888 269 0
880 888 269 0
816 888 269 0
-881 -817 -889 270 0
881 889 270 0
817 889 270 0
-882 -818 -890 271 0
882 890 271 0
818 890 271 0
-883 -819 -891 272 0
883 891 272 0
819 891 272 0
-884 -812 -892 273 0
884 892 273 0
812 892 273 0
-884 -876 -893 274 0
884 893 274 0
876 893 274 0
-885 -813 -894 275 0
885 894 275 0
813 894 275 0
-885 -877 -895 276 0
885 895 276 0
877 895 276 0
-886 -814 -896 277 0
886 896 277 0
814 896 277 0
-886 -878 -897 278 0
886 897 278 0
878 897 278 0
-887 -815 -898 279 0
887 898 279 0
815 898 279 0
-887 -879 -899 280 0
887 899 280 0
879 899 280 0
-888 -816 -900 281 0
888 900 281 0
816 900 281 0
-888 -880 -901 282 0
888 901 282 0
880 901 282 0
-889 -817 -902 283 0
889 902 283 0
817 902 283 0
-889 -881 -903 284 0
889 903 284 0
881 903 284 0
-890 -818 -904 285 0
890 904 285 0
818 904 285 0
-890 -882 -905 286 0
890 905 286 0
882 905 286 0
-891 -819 -906 287 0
891 906 287 0
819 906 287 0
-891 -883 -907 288 0
891 907 288 0
883 907 288 0
-893 -892 -908 289 0
893 908 289 0
892 908 289 0
-895 -894 -909 290 0
895 909 290 0
894 909 290 0
-897 -896 -910 291 0
897 910 291 0
896 910 291 0
-899 -898 -911 292 0
899 911 292 0
898 911 292 0
-903 -902 -912 293 0
903 912 293 0
902 912 293 0
-907 -906 -913 294 0
907 913 294 0
906 913 294 0
-905 -904 -914 295 0
905 914 295 0
904 914 295 0
-901 -900 -915 296 0
901 915 296 0
900 915 296 0
-908 -916 297 0
908 916 297 0
-909 -917 298 0
909 917 298 0
-910 -918 299 0
910 918 299 0
-908 -919 300 0
908 919 300 0
-909 -920 301 0
909 920 301 0
-911 -921 302 0
911 921 302 0
-908 -922 303 0
908 922 303 0
-910 -923 304 0
910 923 304 0
-911 -924 305 0
911 924 305 0
-909 -925 306 0
909 925 306 0
-910 -926 307 0
910 926 307 0
-911 -927 308 0
911 927 308 0
-912 -928 309 0
912 928 309 0
-913 -929 310 0
913 929 310 0
-912 -930 311 0
912 930 311 0
-914 -931 312 0
914 931 312 0
-915 -932 313 0
915 932 313 0
-913 -933 314 0
913 933 314 0
-915 -934 315 0
915 934 315 0
-914 -935 316 0
914 935 316 0
-915 -936 317 0
915 936 317 0
-912 -937 318 0
912 937 318 0
-914 -938 319 0
914 938 319 0
-915 -939 320 0
915 939 320 0
-912 -940 321 0
912 940 321 0
-913 -941 322 0
913 941 322 0
-915 -942 323 0
915 942 323 0
-914 -943 324 0
914 943 324 0
-913 -944 325 0
913 944 325 0
-912 -945 326 0
912 945 326 0
-914 -946 327 0
914 946 327 0
-913 -947 328 0
913 947 328 0
-909 -948 329 0
909 948 329 0
-911 -949 330 0
911 949 330 0
-909 -950 331 0
909 950 331 0
-910 -951 332 0
910 951 332 0
-908 -952 333 0
908 952 333 0
-911 -953 334 0
911 953 334 0
-908 -954 335 0
908 954 335 0
-910 -955 336 0
910 955 336 0
-911 -918 -917 -916 956 337 0
911 -956 337 0
918 -956 337 0
917 -956 337 0
916 -956 337 0
-921 -910 -920 -919 957 338 0
921 -957 338 0
910 -957 338 0
920 -957 338 0
919 -957 338 0
-924 -923 -909 -922 958 339 0
924 -958 339 0
923 -958 339 0
909 -958 339 0
922 -958 339 0
-927 -926 -925 -908 959 340 0
927 -959 340 0
926 -959 340 0
925 -959 340 0
908 -959 340 0
-913 -938 -937 -936 960 341 0
913 -960 341 0
938 -960 341 0
937 -960 341 0
936 -960 341 0
-941 -914 -940 -939 961 342 0
941 -961 342 0
914 -961 342 0
940 -961 342 0
939 -961 342 0
-944 -943 -912 -942 962 343 0
944 -962 343 0
943 -962 343 0
912 -962 343 0
942 -962 343 0
-947 -946 -945 -915 963 344 0
947 -963 344 0
946 -963 344 0
945 -963 344 0
915 -963 344 0
959 958 957 956 -964 345 0
-959 964 345 0
-958 964 345 0
-957 964 345 0
-956 964 345 0
963 962 961 960 -965 346 0
-963 965 346 0
-962 965 346 0
-961 965 346 0
-960 965 346 0
-964 -929 -914 -928 -915 966 347 0
964 -966 347 0
929 -966 347 0
914 -966 347 0
928 -966 347 0
915 -966 347 0
-964 -913 -931 -930 -915 967 348 0
964 -967 348 0
913 -967 348 0
931 -967 348 0
930 -967 348 0
915 -967 348 0
-964 -933 -914 -912 -932 968 349 0
964 -968 349 0
933 -968 349 0
914 -968 349 0
912 -968 349 0
932 -968 349 0
-964 -913 -935 -912 -934 969 350 0
964 -969 350 0
913 -969 350 0
935 -969 350 0
912 -969 350 0
934 -969 350 0
-965 -949 -910 -948 -908 970 351 0
965 -970 351 0
949 -970 351 0
910 -970 351 0
948 -970 351 0
908 -970 351 0
-965 -911 -951 -950 -908 971 352 0
965 -971 352 0
911 -971 352 0
951 -971 352 0
950 -971 352 0
908 -971 352 0
-965 -953 -910 -909 -952 972 353 0
965 -972 353 0
953 -972 353 0
910 -972 353 0
909 -972 353 0
952 -972 353 0
-965 -911 -955 -909 -954 973 354 0
965 -973 354 0
911 -973 354 0
955 -973 354 0
909 -973 354 0
954 -973 354 0
-966 -908 974 355 0
966 -974 355 0
908 -974 355 0
-966 -909 975 356 0
966 -975 356 0
909 -975 356 0
-966 -910 976 357 0
966 -976 357 0
910 -976 357 0
-966 -911 977 358 0
966 -977 358 0
911 -977 358 0
-967 -908 978 359 0
967 -978 359 0
908 -978 359 0
-967 -909 979 360 0
967 -979 360 0
909 -979 360 0
-967 -910 980 361 0
967 -980 361 0
910 -980 361 0
-967 -911 981 362 0
967 -981 362 0
911 -981 362 0
-968 -908 982 363 0
968 -982 363 0
908 -982 363 0
-968 -909 983 364 0
968 -983 364 0
909 -983 364 0
-968 -910 984 365 0
968 -984 365 0
910 -984 365 0
-968 -911 985 366 0
968 -985 366 0
911 -985 366 0
-969 -908 986 367 0
969 -986 367 0
908 -986 367 0
-969 -909 987 368 0
969 -987 368 0
909 -987 368 0
-969 -910 988 369 0
969 -988 369 0
910 -988 369 0
-969 -911 989 370 0
969 -989 370 0
911 -989 370 0
-970 -915 990 371 0
970 -990 371 0
915 -990 371 0
-970 -912 991 372 0
970 -991 372 0
912 -991 372 0
-970 -914 992 373 0
970 -992 373 0
914 -992 373 0
-970 -913 993 374 0
970 -993 374 0
913 -993 374 0
-971 -915 994 375 0
971 -994 375 0
915 -994 375 0
-971 -912 995 376 0
971 -995 376 0
912 -995 376 0
-971 -914 996 377 0
971 -996 377 0
914 -996 377 0
-971 -913 997 378 0
971 -997 378 0
913 -997 378 0
-972 -915 998 379 0
972 -998 379 0
915 -998 379 0
-972 -912 999 380 0
972 -999 380 0
912 -999 380 0
-972 -914 1000 381 0
972 -1000 381 0
914 -1000 381 0
-972 -913 1001 382 0
972 -1001 382 0
913 -1001 382 0
-973 -915 1002 383 0
973 -1002 383 0
915 -1002 383 0
-973 -912 1003 384 0
973 -1003 384 0
912 -1003 384 0
-973 -914 1004 385 0
973 -1004 385 0
914 -1004 385 0
-973 -913 1005 386 0
973 -1005 386 0
913 -1005 386 0
-974 -547 -1006 387 0
974 1006 387 0
547 1006 387 0
-975 -548 -1007 388 0
975 1007 388 0
548 1007 388 0
-976 -549 -1008 389 0
976 1008 389 0
549 1008 389 0
-977 -550 -1009 390 0
977 1009 390 0
550 1009 390 0
-978 -551 -1010 391 0
978 1010 391 0
551 1010 391 0
-979 -552 -1011 392 0
979 1011 392 0
552 1011 392 0
-980 -553 -1012 393 0
980 1012 393 0
553 1012 393 0
-981 -554 -1013 394 0
981 1013 394 0
554 1013 394 0
-982 -555 -1014 395 0
982 1014 395 0
555 1014 395 0
-983 -556 -1015 396 0
983 1015 396 0
556 1015 396 0
-984 -557 -1016 397 0
984 1016 397 0
557 1016 397 0
-985 -558 -1017 398 0
985 1017 398 0
558 1017 398 0
-986 -559 -1018 399 0
986 1018 399 0
559 1018 399 0
-987 -560 -1019 400 0
987 1019 400 0
560 1019 400 0
-988 -561 -1020 401 0
988 1020 401 0
561 1020 401 0
-989 -562 -1021 402 0
989 1021 402 0
562 1021 402 0
-990 -563 -1022 403 0
990 1022 403 0
563 1022 403 0
-991 -564 -1023 404 0
991 1023 404 0
564 1023 404 0
-992 -565 -1024 405 0
992 1024 405 0
565 1024 405 0
-993 -566 -1025 406 0
993 1025 406 0
566 1025 406 0
-994 -567 -1026 407 0
994 1026 407 0
567 1026 407 0
-995 -568 -1027 408 0
995 1027 408 0
568 1027 408 0
-996 -569 -1028 409 0
996 1028 409 0
569 1028 409 0
-997 -570 -1029 410 0
997 1029 410 0
570 1029 410 0
-998 -571 -1030 411 0
998 1030 411 0
571 1030 411 0
-999 -572 -1031 412 0
999 1031 412 0
572 1031 412 0
-1000 -573 -1032 413 0
1000 1032 413 0
573 1032 413 0
-1001 -574 -1033 414 0
1001 1033 414 0
574 1033 414 0
-1002 -575 -1034 415 0
1002 1034 415 0
575 1034 415 0
-1003 -576 -1035 416 0
1003 1035 416 0
576 1035 416 0
-1004 -577 -1036 417 0
1004 1036 417 0
577 1036 417 0
-1005 -578 -1037 418 0
1005 1037 418 0
578 1037 418 0
-1006 -547 -1038 419 0
1006 1038 419 0
547 1038 419 0
-1006 -974 -1039 420 0
1006 1039 420 0
974 1039 420 0
-1007 -548 -1040 421 0
1007 1040 421 0
548 1040 421 0
-1007 -975 -1041 422 0
1007 1041 422 0
975 1041 422 0
-1008 -549 -1042 423 0
1008 1042 423 0
549 1042 423 0
-1008 -976 -1043 424 0
1008 1043 424 0
976 1043 424 0
-1009 -550 -1044 425 0
1009 1044 425 0
550 1044 425 0
-1009 -977 -1045 426 0
1009 1045 426 0
977 1045 426 0
-1010 -551 -1046 427 0
1010 1046 427 0
551 1046 427 0
-1010 -978 -1047 428 0
1010 1047 428 0
978 1047 428 0
-1011 -552 -1048 429 0
1011 1048 429 0
552 1048 429 0
-1011 -979 -1049 430 0
1011 1049 430 0
979 1049 430 0
-1012 -553 -1050 431 0
1012 1050 431 0
553 1050 431 0
-1012 -980 -1051 432 0
1012 1051 432 0
980 1051 432 0
-1013 -554 -1052 433 0
1013 1052 433 0
554 1052 433 0
-1013 -981 -1053 434 0
1013 1053 434 0
981 1053 434 0
-1014 -555 -1054 435 0
1014 1054 435 0
555 1054 435 0
-1014 -982 -1055 436 0
1014 1055 436 0
982 1055 436 0
-1015 -556 -1056 437 0
1015 1056 437 0
556 1056 437 0
-1015 -983 -1057 438 0
1015 1057 438 0
983 1057 438 0
-1016 -557 -1058 439 0
1016 1058 439 0
557 1058 439 0
-1016 -984 -1059 440 0
1016 1059 440 0
984 1059 440 0
-1017 -558 -1060 441 0
1017 1060 441 0
558 1060 441 0
-1017 -985 -1061 442 0
1017 1061 442 0
985 1061 442 0
-1018 -559 -1062 443 0
1018 1062 443 0
559 1062 443 0
-1018 -986 -1063 444 0
1018 1063 444 0
986 1063 444 0
-1019 -560 -1064 445 0
1019 1064 445 0
560 1064 445 0
-1019 -987 -1065 446 0
1019 1065 446 0
987 1065 446 0
-1020 -561 -1066 447 0
1020 1066 447 0
561 1066 447 0
-1020 -988 -1067 448 0
1020 1067 448 0
988 1067 448 0
-1021 -562 -1068 449 0
1021 1068 449 0
562 1068 449 0
-1021 -989 -1069 450 0
1021 1069 450 0
989 1069 450 0
-1022 -563 -1070 451 0
1022 1070 451 0
563 1070 451 0
-1022 -990 -1071 452 0
1022 1071 452 0
990 1071 452 0
-1023 -564 -1072 453 0
1023 1072 453 0
564 1072 453 0
-1023 -991 -1073 454 0
1023 1073 454 0
991 1073 454 0
-1024 -565 -1074 455 0
1024 1074 455 0
565 1074 455 0
-1024 -992 -1075 456 0
1024 1075 456 0
992 1075 456 0
-1025 -566 -1076 457 0
1025 1076 457 0
566 1076 457 0
-1025 -993 -1077 458 0
1025 1077 458 0
993 1077 458 0
-1026 -567 -1078 459 0
1026 1078 459 0
567 1078 459 0
-1026 -994 -1079 460 0
1026 1079 460 0
994 1079 460 0
-1027 -568 -1080 461 0
1027 1080 461 0
568 1080 461 0
-1027 -995 -1081 462 0
1027 1081 462 0
995 1081 462 0
-1028 -569 -1082 463 0
1028 1082 463 0
569 1082 463 0
-1028 -996 -1083 464 0
1028 1083 464 0
996 1083 464 0
-1029 -570 -1084 465 0
1029 1084 465 0
570 1084 465 0
-1029 -997 -1085 466 0
1029 1085 466 0
997 1085 466 0
-1030 -571 -1086 467 0
1030 1086 467 0
571 1086 467 0
-1030 -998 -1087 468 0
1030 1087 468 0
998 1087 468 0
-1031 -572 -1088 469 0
1031 1088 469 0
572 1088 469 0
-1031 -999 -1089 470 0
1031 1089 470 0
999 1089 470 0
-1032 -573 -1090 471 0
1032 1090 471 0
573 1090 471 0
-1032 -1000 -1091 472 0
1032 1091 472 0
1000 1091 472 0
-1033 -574 -1092 473 0
1033 1092 473 0
574 1092 473 0
-1033 -1001 -1093 474 0
1033 1093 474 0
1001 1093 474 0
-1034 -575 -1094 475 0
1034 1094 475 0
575 1094 475 0
-1034 -1002 -1095 476 0
1034 1095 476 0
1002 1095 476 0
-1035 -576 -1096 477 0
1035 1096 477 0
576 1096 477 0
-1035 -1003 -1097 478 0
1035 1097 478 0
1003 1097 478 0
-1036 -577 -1098 479 0
1036 1098 479 0
577 1098 479 0
-1036 -1004 -1099 480 0
1036 1099 480 0
1004 1099 480 0
-1037 -578 -1100 481 0
1037 1100 481 0
578 1100 481 0
-1037 -1005 -1101 482 0
1037 1101 482 0
1005 1101 482 0
-1039 -1038 -1102 483 0
1039 1102 483 0
1038 1102 483 0
-1041 -1040 -1103 484 0
1041 1103 484 0
1040 1103 484 0
-1043 -1042 -1104 485 0
1043 1104 485 0
1042 1104 485 0
-1045 -1044 -1105 486 0
1045 1105 486 0
1044 1105 486 0
-1047 -1046 -1106 487 0
1047 1106 487 0
1046 1106 487 0
-1049 -1048 -1107 488 0
1049 1107 488 0
1048 1107 488 0
-1051 -1050 -1108 489 0
1051 1108 489 0
1050 1108 489 0
-1053 -1052 -1109 490 0
1053 1109 490 0
1052 1109 490 0
-1055 -1054 -1110 491 0
1055 1110 491 0
1054 1110 491 0
-1057 -1056 -1111 492 0
1057 1111 492 0
1056 1111 492 0
-1059 -1058 -1112 493 0
1059 1112 493 0
1058 1112 493 0
-1061 -1060 -1113 494 0
1061 1113 494 0
1060 1113 494 0
-1063 -1062 -1114 495 0
1063 1114 495 0
1062 1114 495 0
-1065 -1064 -1115 496 0
1065 1115 496 0
1064 1115 496 0
-1067 -1066 -1116 497 0
1067 1116 497 0
1066 1116 497 0
-1069 -1068 -1117 498 0
1069 1117 498 0
1068 1117 498 0
-1071 -1070 -1118 499 0
1071 1118 499 0
1070 1118 499 0
-1073 -1072 -1119 500 0
1073 1119 500 0
1072 1119 500 0
-1075 -1074 -1120 501 0
1075 1120 501 0
1074 1120 501 0
-1077 -1076 -1121 502 0
1077 1121 502 0
1076 1121 502 0
-1079 -1078 -1122 503 0
1079 1122 503 0
1078 1122 503 0
-1081 -1080 -1123 504 0
1081 1123 504 0
1080 1123 504 0
-1083 -1082 -1124 505 0
1083 1124 505 0
1082 1124 505 0
-1085 -1084 -1125 506 0
1085 1125 506 0
1084 1125 506 0
-1087 -1086 -1126 507 0
1087 1126 507 0
1086 1126 507 0
-1089 -1088 -1127 508 0
1089 1127 508 0
1088 1127 508 0
-1091 -1090 -1128 509 0
1091 1128 509 0
1090 1128 509 0
-1093 -1092 -1129 510 0
1093 1129 510 0
1092 1129 510 0
-1095 -1094 -1130 511 0
1095 1130 511 0
1094 1130 511 0
-1097 -1096 -1131 512 0
1097 1131 512 0
1096 1131 512 0
-1099 -1098 -1132 513 0
1099 1132 513 0
1098 1132 513 0
-1101 -1100 -1133 514 0
1101 1133 514 0
1100 1133 514 0
 1102 -588 515 0
-1102 588 515 0
 1103 -589 516 0
-1103 589 516 0
 1104 -590 517 0
-1104 590 517 0
 1105 -591 518 0
-1105 591 518 0
 1106 -592 519 0
-1106 592 519 0
 1107 -593 520 0
-1107 593 520 0
 1108 -594 521 0
-1108 594 521 0
 1109 -595 522 0
-1109 595 522 0
 1110 -596 523 0
-1110 596 523 0
 1111 -597 524 0
-1111 597 524 0
 1112 -598 525 0
-1112 598 525 0
 1113 -599 526 0
-1113 599 526 0
 1114 -600 527 0
-1114 600 527 0
 1115 -601 528 0
-1115 601 528 0
 1116 -602 529 0
-1116 602 529 0
 1117 -603 530 0
-1117 603 530 0
 1118 -604 531 0
-1118 604 531 0
 1119 -605 532 0
-1119 605 532 0
 1120 -606 533 0
-1120 606 533 0
 1121 -607 534 0
-1121 607 534 0
 1122 -608 535 0
-1122 608 535 0
 1123 -609 536 0
-1123 609 536 0
 1124 -610 537 0
-1124 610 537 0
 1125 -611 538 0
-1125 611 538 0
 1126 -612 539 0
-1126 612 539 0
 1127 -613 540 0
-1127 613 540 0
 1128 -614 541 0
-1128 614 541 0
 1129 -615 542 0
-1129 615 542 0
 1130 -616 543 0
-1130 616 543 0
 1131 -617 544 0
-1131 617 544 0
 1132 -618 545 0
-1132 618 545 0
 1133 -619 546 0
-1133 619 546 0
547 0
-548 0
549 0
-550 0
551 0
-552 0
553 0
-554 0
-555 0
556 0
557 0
558 0
559 0
560 0
-561 0
562 0
-563 0
-564 0
-565 0
566 0
-567 0
568 0
569 0
570 0
571 0
572 0
573 0
574 0
575 0
576 0
-577 0
-578 0
-579 0
580 0
-581 0
582 0
-583 0
-584 0
585 0
-586 0
587 0
-588 0
-589 0
-590 0
-591 0
-592 0
593 0
594 0
595 0
596 0
597 0
-598 0
599 0
-600 0
-601 0
-602 0
-603 0
604 0
-605 0
-606 0
-607 0
608 0
609 0
610 0
-611 0
612 0
613 0
-614 0
615 0
616 0
-617 0
-618 0
619 0
-1 0
-2 0
-3 0
-4 0
-5 0
-6 0
-7 0
-8 0
-9 0
-10 0
-11 0
-12 0
-13 0
-14 0
-15 0
-16 0
-17 0
-18 0
-19 0
-20 0
-21 0
-22 0
-23 0
-24 0
-25 0
-26 0
-27 0
-28 0
-29 0
-30 0
-31 0
-32 0
-33 0
-34 0
-35 0
-36 0
-37 0
-38 0
-39 0
-40 0
-41 0
-42 0
-43 0
-44 0
-45 0
-46 0
-47 0
-48 0
-49 0
-50 0
-51 0
-52 0
-53 0
-54 0
-55 0
-56 0
-57 0
-58 0
-59 0
-60 0
-61 0
-62 0
-63 0
-64 0
-65 0
-66 0
-67 0
-68 0
-69 0
-70 0
-71 0
-72 0
-73 0
-74 0
-75 0
-76 0
-77 0
-78 0
-79 0
-80 0
-81 0
-82 0
-83 0
-84 0
-85 0
-86 0
-87 0
-88 0
-89 0
-90 0
-91 0
-92 0
-93 0
-94 0
-95 0
-96 0
-97 0
-98 0
-99 0
-100 0
-101 0
-102 0
-103 0
-104 0
-105 0
-106 0
-107 0
-108 0
-109 0
-110 0
-111 0
-112 0
-113 0
-114 0
-115 0
-116 0
-117 0
-118 0
-119 0
-120 0
-121 0
-122 0
-123 0
-124 0
-125 0
-126 0
-127 0
-128 0
-129 0
-130 0
-131 0
-132 0
-133 0
-134 0
-135 0
-136 0
-137 0
-138 0
-139 0
-140 0
-141 0
-142 0
-143 0
-144 0
-145 0
-146 0
-147 0
-148 0
-149 0
-150 0
-151 0
-152 0
-153 0
-154 0
-155 0
-156 0
-157 0
-158 0
-159 0
-160 0
-161 0
-162 0
-163 0
-164 0
-165 0
-166 0
-167 0
-168 0
-169 0
-170 0
-171 0
-172 0
-173 0
-174 0
-175 0
-176 0
-177 0
-178 0
-179 0
-180 0
-181 0
-182 0
-183 0
-184 0
-185 0
-186 0
-187 0
-188 0
-189 0
-190 0
-191 0
-192 0
-193 0
-194 0
-195 0
-196 0
-197 0
-198 0
-199 0
-200 0
-201 0
-202 0
-203 0
-204 0
-205 0
-206 0
-207 0
-208 0
-209 0
-210 0
-211 0
-212 0
-213 0
-214 0
-215 0
-216 0
-217 0
-218 0
-219 0
-220 0
-221 0
-222 0
-223 0
-224 0
-225 0
-226 0
-227 0
-228 0
-229 0
-230 0
-231 0
-232 0
-233 0
-234 0
-235 0
-236 0
-237 0
-238 0
-239 0
-240 0
-241 0
-242 0
-243 0
-244 0
-245 0
-246 0
-247 0
-248 0
-249 0
-250 0
-251 0
-252 0
-253 0
-254 0
-255 0
-256 0
-257 0
-258 0
-259 0
-260 0
-261 0
-262 0
-263 0
-264 0
-265 0
-266 0
-267 0
-268 0
-269 0
-270 0
-271 0
-272 0
-273 0
-274 0
-275 0
-276 0
-277 0
-278 0
-279 0
-280 0
-281 0
-282 0
-283 0
-284 0
-285 0
-286 0
-287 0
-288 0
-289 0
-290 0
-291 0
-292 0
-293 0
-294 0
-295 0
-296 0
-297 0
-298 0
-299 0
-300 0
-301 0
-302 0
-303 0
-304 0
-305 0
-306 0
-307 0
-308 0
-309 0
-310 0
-311 0
-312 0
-313 0
-314 0
-315 0
-316 0
-317 0
-318 0
-319 0
-320 0
-321 0
-322 0
-323 0
-324 0
-325 0
-326 0
-327 0
-328 0
-329 0
-330 0
-331 0
-332 0
-333 0
-334 0
-335 0
-336 0
-337 0
-338 0
-339 0
-340 0
-341 0
-342 0
-343 0
-344 0
-345 0
-346 0
-347 0
-348 0
-349 0
-350 0
-351 0
-352 0
-353 0
-354 0
-355 0
-356 0
-357 0
-358 0
-359 0
-360 0
-361 0
-362 0
-363 0
-364 0
-365 0
-366 0
-367 0
-368 0
-369 0
-370 0
-371 0
-372 0
-373 0
-374 0
-375 0
-376 0
-377 0
-378 0
-379 0
-380 0
-381 0
-382 0
-383 0
-384 0
-385 0
-386 0
-387 0
-388 0
-389 0
-390 0
-391 0
-392 0
-393 0
-394 0
-395 0
-396 0
-397 0
-398 0
-399 0
-400 0
-401 0
-402 0
-403 0
-404 0
-405 0
-406 0
-407 0
-408 0
-409 0
-410 0
-411 0
-412 0
-413 0
-414 0
-415 0
-416 0
-417 0
-418 0
-419 0
-420 0
-421 0
-422 0
-423 0
-424 0
-425 0
-426 0
-427 0
-428 0
-429 0
-430 0
-431 0
-432 0
-433 0
-434 0
-435 0
-436 0
-437 0
-438 0
-439 0
-440 0
-441 0
-442 0
-443 0
-444 0
-445 0
-446 0
-447 0
-448 0
-449 0
-450 0
-451 0
-452 0
-453 0
-454 0
-455 0
-456 0
-457 0
-458 0
-459 0
-460 0
-461 0
-462 0
-463 0
-464 0
-465 0
-466 0
-467 0
-468 0
-469 0
-470 0
-471 0
-472 0
-473 0
-474 0
-475 0
-476 0
-477 0
-478 0
-479 0
-480 0
-481 0
-482 0
-483 0
-484 0
-485 0
-486 0
-487 0
-488 0
-489 0
-490 0
-491 0
-492 0
-493 0
-494 0
-495 0
-496 0
-497 0
-498 0
-499 0
-500 0
-501 0
-502 0
-503 0
-504 0
-505 0
-506 0
-507 0
-508 0
-509 0
-510 0
-511 0
-512 0
-513 0
-514 0
-515 0
-516 0
-517 0
-518 0
-519 0
-520 0
-521 0
-522 0
-523 0
-524 0
-525 0
-526 0
-527 0
-528 0
-529 0
-530 0
-531 0
-532 0
-533 0
-534 0
-535 0
-536 0
-537 0
-538 0
-539 0
-540 0
-541 0
-542 0
-543 0
-544 0
-545 0
-546 0
