sys_server/c432.txt
-168 -204 8 0
168 204 8 0
-169 -205 9 0
169 205 9 0
-171 -206 10 0
171 206 10 0
-173 -207 11 0
173 207 11 0
-175 -208 12 0
175 208 12 0
-177 -209 13 0
177 209 13 0
-179 -210 14 0
179 210 14 0
-181 -211 15 0
181 211 15 0
-183 -212 16 0
183 212 16 0
-185 -213 17 0
185 213 17 0
-187 -214 18 0
187 214 18 0
-189 -215 19 0
189 215 19 0
-191 -216 20 0
191 216 20 0
-193 -217 21 0
193 217 21 0
-195 -218 22 0
195 218 22 0
-197 -219 23 0
197 219 23 0
-199 -220 24 0
199 220 24 0
-201 -221 25 0
201 221 25 0
-169 -204 -222 26 0
169 222 26 0
204 222 26 0
205 170 223 27 0
-205 -223 27 0
-170 -223 27 0
205 172 224 28 0
-205 -224 28 0
-172 -224 28 0
-173 -206 -225 29 0
173 225 29 0
206 225 29 0
-177 -208 -226 30 0
177 226 30 0
208 226 30 0
-181 -210 -227 31 0
181 227 31 0
210 227 31 0
-185 -212 -228 32 0
185 228 32 0
212 228 32 0
-189 -214 -229 33 0
189 229 33 0
214 229 33 0
-193 -216 -230 34 0
193 230 34 0
216 230 34 0
-197 -218 -231 35 0
197 231 35 0
218 231 35 0
-201 -220 -232 36 0
201 232 36 0
220 232 36 0
207 174 233 37 0
-207 -233 37 0
-174 -233 37 0
207 176 234 38 0
-207 -234 38 0
-176 -234 38 0
209 178 235 39 0
-209 -235 39 0
-178 -235 39 0
209 180 236 40 0
-209 -236 40 0
-180 -236 40 0
211 182 237 41 0
-211 -237 41 0
-182 -237 41 0
211 184 238 42 0
-211 -238 42 0
-184 -238 42 0
213 186 239 43 0
-213 -239 43 0
-186 -239 43 0
213 188 240 44 0
-213 -240 44 0
-188 -240 44 0
215 190 241 45 0
-215 -241 45 0
-190 -241 45 0
215 192 242 46 0
-215 -242 46 0
-192 -242 46 0
217 194 243 47 0
-217 -243 47 0
-194 -243 47 0
217 196 244 48 0
-217 -244 48 0
-196 -244 48 0
219 198 245 49 0
-219 -245 49 0
-198 -245 49 0
219 200 246 50 0
-219 -246 50 0
-200 -246 50 0
221 202 247 51 0
-221 -247 51 0
-202 -247 51 0
221 203 248 52 0
-221 -248 52 0
-203 -248 52 0
-222 -225 -226 -227 -228 -229 -230 -231 -232 249 53 0
227 -249 53 0
222 -249 53 0
225 -249 53 0
226 -249 53 0
228 -249 53 0
229 -249 53 0
230 -249 53 0
231 -249 53 0
232 -249 53 0
-249 -250 54 0
249 250 54 0
-249 -251 55 0
249 251 55 0
-249 -7 56 0
249 7 56 0
222 250 -252 57 0
-222 -250 -252 57 0
-222 250 252 57 0
222 -250 252 57 0
225 250 -253 58 0
-225 -250 -253 58 0
-225 250 253 58 0
225 -250 253 58 0
226 250 -254 59 0
-226 -250 -254 59 0
-226 250 254 59 0
226 -250 254 59 0
227 250 -255 60 0
-227 -250 -255 60 0
-227 250 255 60 0
227 -250 255 60 0
228 250 -256 61 0
-228 -250 -256 61 0
-228 250 256 61 0
228 -250 256 61 0
229 250 -257 62 0
-229 -250 -257 62 0
-229 250 257 62 0
229 -250 257 62 0
-251 -168 -258 63 0
251 258 63 0
168 258 63 0
230 250 -259 64 0
-230 -250 -259 64 0
-230 250 259 64 0
230 -250 259 64 0
-171 -251 -260 65 0
171 260 65 0
251 260 65 0
231 250 -261 66 0
-231 -250 -261 66 0
-231 250 261 66 0
231 -250 261 66 0
-175 -251 -262 67 0
175 262 67 0
251 262 67 0
232 250 -263 68 0
-232 -250 -263 68 0
-232 250 263 68 0
232 -250 263 68 0
-179 -251 -264 69 0
179 264 69 0
251 264 69 0
-183 -251 -265 70 0
183 265 70 0
251 265 70 0
-187 -251 -266 71 0
187 266 71 0
251 266 71 0
-191 -251 -267 72 0
191 267 72 0
251 267 72 0
-195 -251 -268 73 0
195 268 73 0
251 268 73 0
-199 -251 -269 74 0
199 269 74 0
251 269 74 0
-223 -252 -270 75 0
223 270 75 0
252 270 75 0
-224 -252 -271 76 0
224 271 76 0
252 271 76 0
-233 -253 -272 77 0
233 272 77 0
253 272 77 0
-235 -254 -273 78 0
235 273 78 0
254 273 78 0
-237 -255 -274 79 0
237 274 79 0
255 274 79 0
-239 -256 -275 80 0
239 275 80 0
256 275 80 0
-241 -257 -276 81 0
241 276 81 0
257 276 81 0
-243 -259 -277 82 0
243 277 82 0
259 277 82 0
-245 -261 -278 83 0
245 278 83 0
261 278 83 0
-247 -263 -279 84 0
247 279 84 0
263 279 84 0
-234 -253 -280 85 0
234 280 85 0
253 280 85 0
-236 -254 -281 86 0
236 281 86 0
254 281 86 0
-238 -255 -282 87 0
238 282 87 0
255 282 87 0
-240 -256 -283 88 0
240 283 88 0
256 283 88 0
-242 -257 -284 89 0
242 284 89 0
257 284 89 0
-244 -259 -285 90 0
244 285 90 0
259 285 90 0
-246 -261 -286 91 0
246 286 91 0
261 286 91 0
-248 -263 -287 92 0
248 287 92 0
263 287 92 0
-270 -272 -273 -274 -275 -276 -277 -278 -279 288 93 0
274 -288 93 0
270 -288 93 0
272 -288 93 0
273 -288 93 0
275 -288 93 0
276 -288 93 0
277 -288 93 0
278 -288 93 0
279 -288 93 0
-271 -289 94 0
271 289 94 0
-280 -290 95 0
280 290 95 0
-281 -291 96 0
281 291 96 0
-282 -292 97 0
282 292 97 0
-283 -293 98 0
283 293 98 0
-284 -294 99 0
284 294 99 0
-285 -295 100 0
285 295 100 0
-286 -296 101 0
286 296 101 0
-287 -297 102 0
287 297 102 0
-288 -298 103 0
288 298 103 0
-288 -299 104 0
288 299 104 0
-288 -6 105 0
288 6 105 0
270 298 -300 106 0
-270 -298 -300 106 0
-270 298 300 106 0
270 -298 300 106 0
272 298 -301 107 0
-272 -298 -301 107 0
-272 298 301 107 0
272 -298 301 107 0
273 298 -302 108 0
-273 -298 -302 108 0
-273 298 302 108 0
273 -298 302 108 0
274 298 -303 109 0
-274 -298 -303 109 0
-274 298 303 109 0
274 -298 303 109 0
-299 -170 -304 110 0
299 304 110 0
170 304 110 0
275 298 -305 111 0
-275 -298 -305 111 0
-275 298 305 111 0
275 -298 305 111 0
-174 -299 -306 112 0
174 306 112 0
299 306 112 0
276 298 -307 113 0
-276 -298 -307 113 0
-276 298 307 113 0
276 -298 307 113 0
-178 -299 -308 114 0
178 308 114 0
299 308 114 0
277 298 -309 115 0
-277 -298 -309 115 0
-277 298 309 115 0
277 -298 309 115 0
-182 -299 -310 116 0
182 310 116 0
299 310 116 0
278 298 -311 117 0
-278 -298 -311 117 0
-278 298 311 117 0
278 -298 311 117 0
-186 -299 -312 118 0
186 312 118 0
299 312 118 0
279 298 -313 119 0
-279 -298 -313 119 0
-279 298 313 119 0
279 -298 313 119 0
-190 -299 -314 120 0
190 314 120 0
299 314 120 0
-194 -299 -315 121 0
194 315 121 0
299 315 121 0
-198 -299 -316 122 0
198 316 122 0
299 316 122 0
-202 -299 -317 123 0
202 317 123 0
299 317 123 0
-289 -300 -318 124 0
289 318 124 0
300 318 124 0
-290 -301 -319 125 0
290 319 125 0
301 319 125 0
-291 -302 -320 126 0
291 320 126 0
302 320 126 0
-292 -303 -321 127 0
292 321 127 0
303 321 127 0
-293 -305 -322 128 0
293 322 128 0
305 322 128 0
-294 -307 -323 129 0
294 323 129 0
307 323 129 0
-295 -309 -324 130 0
295 324 130 0
309 324 130 0
-296 -311 -325 131 0
296 325 131 0
311 325 131 0
-297 -313 -326 132 0
297 326 132 0
313 326 132 0
-318 -319 -320 -321 -322 -323 -324 -325 -326 327 133 0
321 -327 133 0
318 -327 133 0
319 -327 133 0
320 -327 133 0
322 -327 133 0
323 -327 133 0
324 -327 133 0
325 -327 133 0
326 -327 133 0
-327 -328 134 0
327 328 134 0
-327 -5 135 0
327 5 135 0
-328 -172 -329 136 0
328 329 136 0
172 329 136 0
-176 -328 -330 137 0
176 330 137 0
328 330 137 0
-180 -328 -331 138 0
180 331 138 0
328 331 138 0
-184 -328 -332 139 0
184 332 139 0
328 332 139 0
-188 -328 -333 140 0
188 333 140 0
328 333 140 0
-192 -328 -334 141 0
192 334 141 0
328 334 141 0
-196 -328 -335 142 0
196 335 142 0
328 335 142 0
-200 -328 -336 143 0
200 336 143 0
328 336 143 0
-203 -328 -337 144 0
203 337 144 0
328 337 144 0
-329 -169 -258 -304 -338 145 0
329 338 145 0
169 338 145 0
258 338 145 0
304 338 145 0
-173 -260 -306 -330 -339 146 0
173 339 146 0
260 339 146 0
306 339 146 0
330 339 146 0
-177 -262 -308 -331 -340 147 0
177 340 147 0
262 340 147 0
308 340 147 0
331 340 147 0
-181 -264 -310 -332 -341 148 0
181 341 148 0
264 341 148 0
310 341 148 0
332 341 148 0
-185 -265 -312 -333 -342 149 0
185 342 149 0
265 342 149 0
312 342 149 0
333 342 149 0
-189 -266 -314 -334 -343 150 0
189 343 150 0
266 343 150 0
314 343 150 0
334 343 150 0
-193 -267 -315 -335 -344 151 0
193 344 151 0
267 344 151 0
315 344 151 0
335 344 151 0
-197 -268 -316 -336 -345 152 0
197 345 152 0
268 345 152 0
316 345 152 0
336 345 152 0
-201 -269 -317 -337 -346 153 0
201 346 153 0
269 346 153 0
317 346 153 0
337 346 153 0
-338 -347 154 0
338 347 154 0
-339 -340 -341 -342 -343 -344 -345 -346 348 155 0
342 -348 155 0
339 -348 155 0
340 -348 155 0
341 -348 155 0
343 -348 155 0
344 -348 155 0
345 -348 155 0
346 -348 155 0
-341 -349 156 0
341 349 156 0
-343 -350 157 0
343 350 157 0
-344 -351 158 0
344 351 158 0
-345 -352 159 0
345 352 159 0
348 347 4 160 0
-348 -4 160 0
-347 -4 160 0
-349 -340 -353 161 0
349 353 161 0
340 353 161 0
-342 -340 -341 -350 -354 162 0
342 354 162 0
340 354 162 0
341 354 162 0
350 354 162 0
-351 -342 -341 -355 163 0
351 355 163 0
342 355 163 0
341 355 163 0
-352 -340 -341 -344 -356 164 0
352 356 164 0
340 356 164 0
341 356 164 0
344 356 164 0
-342 -339 -340 -353 -3 165 0
342 3 165 0
339 3 165 0
340 3 165 0
353 3 165 0
-355 -339 -340 -354 -2 166 0
355 2 166 0
339 2 166 0
340 2 166 0
354 2 166 0
-356 -339 -353 -354 -1 167 0
356 1 167 0
339 1 167 0
353 1 167 0
354 1 167 0
168 0
-169 0
170 0
-171 0
-172 0
173 0
-174 0
175 0
-176 0
177 0
-178 0
-179 0
-180 0
181 0
-182 0
183 0
-184 0
185 0
186 0
-187 0
-188 0
189 0
-190 0
191 0
-192 0
-193 0
194 0
195 0
196 0
197 0
198 0
199 0
200 0
-201 0
202 0
203 0
-7 0
-6 0
-5 0
-4 0
-3 0
-2 0
1 0
-8 0
-9 0
-10 0
-11 0
-12 0
-13 0
-14 0
-15 0
-16 0
-17 0
-18 0
-19 0
-20 0
-21 0
-22 0
-23 0
-24 0
-25 0
-26 0
-27 0
-28 0
-29 0
-30 0
-31 0
-32 0
-33 0
-34 0
-35 0
-36 0
-37 0
-38 0
-39 0
-40 0
-41 0
-42 0
-43 0
-44 0
-45 0
-46 0
-47 0
-48 0
-49 0
-50 0
-51 0
-52 0
-53 0
-54 0
-55 0
-56 0
-57 0
-58 0
-59 0
-60 0
-61 0
-62 0
-63 0
-64 0
-65 0
-66 0
-67 0
-68 0
-69 0
-70 0
-71 0
-72 0
-73 0
-74 0
-75 0
-76 0
-77 0
-78 0
-79 0
-80 0
-81 0
-82 0
-83 0
-84 0
-85 0
-86 0
-87 0
-88 0
-89 0
-90 0
-91 0
-92 0
-93 0
-94 0
-95 0
-96 0
-97 0
-98 0
-99 0
-100 0
-101 0
-102 0
-103 0
-104 0
-105 0
-106 0
-107 0
-108 0
-109 0
-110 0
-111 0
-112 0
-113 0
-114 0
-115 0
-116 0
-117 0
-118 0
-119 0
-120 0
-121 0
-122 0
-123 0
-124 0
-125 0
-126 0
-127 0
-128 0
-129 0
-130 0
-131 0
-132 0
-133 0
-134 0
-135 0
-136 0
-137 0
-138 0
-139 0
-140 0
-141 0
-142 0
-143 0
-144 0
-145 0
-146 0
-147 0
-148 0
-149 0
-150 0
-151 0
-152 0
-153 0
-154 0
-155 0
-156 0
-157 0
-158 0
-159 0
-160 0
-161 0
-162 0
-163 0
-164 0
-165 0
-166 0
-167 0
