sys_server/c880.txt
-413 -410 -411 -412 -470 27 0
413 470 27 0
410 470 27 0
411 470 27 0
412 470 27 0
-413 -410 -414 -412 -471 28 0
413 471 28 0
410 471 28 0
414 471 28 0
412 471 28 0
-417 -416 -415 472 29 0
417 -472 29 0
416 -472 29 0
415 -472 29 0
-418 -414 -410 473 30 0
418 -473 30 0
414 -473 30 0
410 -473 30 0
-413 -410 -411 -418 -474 31 0
413 474 31 0
410 474 31 0
411 474 31 0
418 474 31 0
-419 -410 -411 -412 -475 32 0
419 475 32 0
410 475 32 0
411 475 32 0
412 475 32 0
-422 -420 -417 -421 -476 33 0
422 476 33 0
420 476 33 0
417 476 33 0
421 476 33 0
-421 -415 -477 34 0
421 477 34 0
415 477 34 0
-424 -420 -421 -478 35 0
424 478 35 0
420 478 35 0
421 478 35 0
-426 -425 -415 479 36 0
426 -479 36 0
425 -479 36 0
415 -479 36 0
-417 -425 -415 480 37 0
417 -480 37 0
425 -480 37 0
415 -480 37 0
-426 -416 -415 481 38 0
426 -481 38 0
416 -481 38 0
415 -481 38 0
-417 -416 -415 482 39 0
417 -482 39 0
416 -482 39 0
415 -482 39 0
-426 -425 -420 483 40 0
426 -483 40 0
425 -483 40 0
420 -483 40 0
-417 -425 -420 484 41 0
417 -484 41 0
425 -484 41 0
420 -484 41 0
-426 -416 -420 485 42 0
426 -485 42 0
416 -485 42 0
420 -485 42 0
-417 -416 -420 486 43 0
417 -486 43 0
416 -486 43 0
420 -486 43 0
-428 -427 487 44 0
428 -487 44 0
427 -487 44 0
430 429 -488 45 0
-430 488 45 0
-429 488 45 0
-434 -433 -489 46 0
434 489 46 0
433 489 46 0
434 433 -490 47 0
-434 490 47 0
-433 490 47 0
-436 -435 -491 48 0
436 491 48 0
435 491 48 0
436 435 -492 49 0
-436 492 49 0
-435 492 49 0
-438 -437 -493 50 0
438 493 50 0
437 493 50 0
438 437 -494 51 0
-438 494 51 0
-437 494 51 0
-440 -439 -495 52 0
440 495 52 0
439 495 52 0
440 439 -496 53 0
-440 496 53 0
-439 496 53 0
-443 -411 497 54 0
443 -497 54 0
411 -497 54 0
-469 -498 55 0
469 498 55 0
-443 -418 499 56 0
443 -499 56 0
418 -499 56 0
-443 -413 500 57 0
443 -500 57 0
413 -500 57 0
-443 -447 501 58 0
443 -501 58 0
447 -501 58 0
-449 -420 -502 59 0
449 502 59 0
420 502 59 0
417 413 503 60 0
-417 -503 60 0
-413 -503 60 0
-417 -413 504 61 0
417 -504 61 0
413 -504 61 0
-451 -450 -505 62 0
451 505 62 0
450 505 62 0
451 450 -506 63 0
-451 506 63 0
-450 506 63 0
-453 -452 -507 64 0
453 507 64 0
452 507 64 0
453 452 -508 65 0
-453 508 65 0
-452 508 65 0
-455 -454 -509 66 0
455 509 66 0
454 509 66 0
455 454 -510 67 0
-455 510 67 0
-454 510 67 0
-457 -456 -511 68 0
457 511 68 0
456 511 68 0
457 456 -512 69 0
-457 512 69 0
-456 512 69 0
-433 -459 513 70 0
433 -513 70 0
459 -513 70 0
-434 -459 514 71 0
434 -514 71 0
459 -514 71 0
-435 -459 515 72 0
435 -515 72 0
459 -515 72 0
-436 -459 516 73 0
436 -516 73 0
459 -516 73 0
-437 -459 517 74 0
437 -517 74 0
459 -517 74 0
-465 -464 518 75 0
465 -518 75 0
464 -518 75 0
-438 -459 519 76 0
438 -519 76 0
459 -519 76 0
-466 -464 520 77 0
466 -520 77 0
464 -520 77 0
-439 -459 521 78 0
439 -521 78 0
459 -521 78 0
-468 -464 522 79 0
468 -522 79 0
464 -522 79 0
-470 -523 80 0
470 523 80 0
-472 -524 81 0
472 524 81 0
472 471 -525 82 0
-472 525 82 0
-471 525 82 0
-473 -526 83 0
473 526 83 0
-473 -527 84 0
473 527 84 0
-474 -528 85 0
474 528 85 0
476 475 529 86 0
-476 -529 86 0
-475 -529 86 0
477 475 -530 87 0
-477 530 87 0
-475 530 87 0
478 475 -531 88 0
-478 531 88 0
-475 531 88 0
-483 -532 89 0
483 532 89 0
-484 -533 90 0
484 533 90 0
-485 -534 91 0
485 534 91 0
-486 -535 92 0
486 535 92 0
-488 -431 -536 93 0
488 536 93 0
431 536 93 0
-488 -432 537 94 0
488 -537 94 0
432 -537 94 0
-490 -489 -538 95 0
490 538 95 0
489 538 95 0
-492 -491 -539 96 0
492 539 96 0
491 539 96 0
-494 -493 -540 97 0
494 540 97 0
493 540 97 0
-496 -495 -541 98 0
496 541 98 0
495 541 98 0
-498 -542 99 0
498 542 99 0
504 503 543 100 0
-504 -543 100 0
-503 -543 100 0
-506 -505 -544 101 0
506 544 101 0
505 544 101 0
-508 -507 -545 102 0
508 545 102 0
507 545 102 0
-510 -509 -546 103 0
510 546 103 0
509 546 103 0
-512 -511 -547 104 0
512 547 104 0
511 547 104 0
 480 -8 105 0
-480 8 105 0
 481 -7 106 0
-481 7 106 0
 482 -6 107 0
-482 6 107 0
 487 -5 108 0
-487 5 108 0
524 471 -548 109 0
-524 548 109 0
-471 548 109 0
-526 -549 110 0
526 549 110 0
-527 -550 111 0
527 550 111 0
-423 -529 551 112 0
423 -551 112 0
529 -551 112 0
-530 -552 113 0
530 552 113 0
-531 -553 114 0
531 553 114 0
-536 -554 115 0
536 554 115 0
-538 -555 116 0
538 555 116 0
-539 -556 117 0
539 556 117 0
-539 -538 557 118 0
539 -557 118 0
538 -557 118 0
-540 -558 119 0
540 558 119 0
-541 -559 120 0
541 559 120 0
-541 -540 560 121 0
541 -560 121 0
540 -560 121 0
-533 -528 -561 122 0
533 561 122 0
528 561 122 0
-544 -562 123 0
544 562 123 0
-545 -563 124 0
545 563 124 0
-545 -544 564 125 0
545 -564 125 0
544 -564 125 0
-546 -565 126 0
546 565 126 0
-547 -566 127 0
547 566 127 0
-547 -546 567 128 0
547 -567 128 0
546 -567 128 0
-542 -459 568 129 0
542 -568 129 0
459 -568 129 0
 523 -4 130 0
-523 4 130 0
 525 -3 131 0
-525 3 131 0
 532 -2 132 0
-532 2 132 0
 534 -1 133 0
-534 1 133 0
 535 -16 134 0
-535 16 134 0
 537 -15 135 0
-537 15 135 0
-551 -569 136 0
551 569 136 0
-556 -555 570 137 0
556 -570 137 0
555 -570 137 0
-559 -558 571 138 0
559 -571 138 0
558 -571 138 0
-419 -549 -502 572 139 0
419 -572 139 0
549 -572 139 0
502 -572 139 0
-479 -413 -549 573 140 0
479 -573 140 0
413 -573 140 0
549 -573 140 0
-419 -549 -479 -574 141 0
419 574 141 0
549 574 141 0
479 574 141 0
-549 -543 -420 -449 -575 142 0
549 575 142 0
543 575 142 0
420 575 142 0
449 575 142 0
-413 -549 -502 -576 143 0
413 576 143 0
549 576 143 0
502 576 143 0
-563 -562 577 144 0
563 -577 144 0
562 -577 144 0
-566 -565 578 145 0
566 -578 145 0
565 -578 145 0
 548 -14 146 0
-548 14 146 0
 550 -13 147 0
-550 13 147 0
 552 -12 148 0
-552 12 148 0
 553 -11 149 0
-553 11 149 0
 554 -10 150 0
-554 10 150 0
-569 -579 151 0
569 579 151 0
570 557 580 152 0
-570 -580 152 0
-557 -580 152 0
571 560 581 153 0
-571 -581 153 0
-560 -581 153 0
-561 -575 -582 154 0
561 582 154 0
575 582 154 0
-572 -444 583 155 0
572 -583 155 0
444 -583 155 0
-573 -498 584 156 0
573 -584 156 0
498 -584 156 0
-572 -445 585 157 0
572 -585 157 0
445 -585 157 0
-573 -498 586 158 0
573 -586 158 0
498 -586 158 0
-572 -446 587 159 0
572 -587 159 0
446 -587 159 0
-573 -498 588 160 0
573 -588 160 0
498 -588 160 0
-572 -448 589 161 0
572 -589 161 0
448 -589 161 0
-573 -498 590 162 0
573 -590 162 0
498 -590 162 0
-410 -576 -591 163 0
410 591 163 0
576 591 163 0
574 542 -592 164 0
-574 592 164 0
-542 592 164 0
574 542 -593 165 0
-574 593 165 0
-542 593 165 0
574 542 -594 166 0
-574 594 166 0
-542 594 166 0
574 542 -595 167 0
-574 595 167 0
-542 595 167 0
577 564 596 168 0
-577 -596 168 0
-564 -596 168 0
578 567 597 169 0
-578 -597 169 0
-567 -597 169 0
-580 -441 -598 170 0
580 598 170 0
441 598 170 0
580 441 -599 171 0
-580 599 171 0
-441 599 171 0
-442 -581 -600 172 0
442 600 172 0
581 600 172 0
442 581 -601 173 0
-442 601 173 0
-581 601 173 0
-582 -433 602 174 0
582 -602 174 0
433 -602 174 0
584 583 603 175 0
-584 -603 175 0
-583 -603 175 0
-582 -434 604 176 0
582 -604 176 0
434 -604 176 0
586 585 605 177 0
-586 -605 177 0
-585 -605 177 0
-582 -435 606 178 0
582 -606 178 0
435 -606 178 0
588 587 607 179 0
-588 -607 179 0
-587 -607 179 0
-582 -436 608 180 0
582 -608 180 0
436 -608 180 0
590 589 609 181 0
-590 -609 181 0
-589 -609 181 0
-591 -444 610 182 0
591 -610 182 0
444 -610 182 0
-582 -437 611 183 0
582 -611 183 0
437 -611 183 0
-591 -445 612 184 0
591 -612 184 0
445 -612 184 0
-582 -438 613 185 0
582 -613 185 0
438 -613 185 0
-591 -446 614 186 0
591 -614 186 0
446 -614 186 0
-582 -439 615 187 0
582 -615 187 0
439 -615 187 0
-591 -448 616 188 0
591 -616 188 0
448 -616 188 0
-582 -440 617 189 0
582 -617 189 0
440 -617 189 0
-596 -441 -618 190 0
596 618 190 0
441 618 190 0
596 441 -619 191 0
-596 619 191 0
-441 619 191 0
-458 -597 -620 192 0
458 620 192 0
597 620 192 0
458 597 -621 193 0
-458 621 193 0
-597 621 193 0
-450 -579 622 194 0
450 -622 194 0
579 -622 194 0
-451 -579 623 195 0
451 -623 195 0
579 -623 195 0
-452 -579 624 196 0
452 -624 196 0
579 -624 196 0
-453 -579 625 197 0
453 -625 197 0
579 -625 197 0
-454 -579 626 198 0
454 -626 198 0
579 -626 198 0
-455 -579 -627 199 0
455 627 199 0
579 627 199 0
-456 -579 -628 200 0
456 628 200 0
579 628 200 0
-457 -579 -629 201 0
457 629 201 0
579 629 201 0
-599 -598 -630 202 0
599 630 202 0
598 630 202 0
-601 -600 -631 203 0
601 631 203 0
600 631 203 0
602 497 632 204 0
-602 -632 204 0
-497 -632 204 0
604 499 633 205 0
-604 -633 205 0
-499 -633 205 0
606 500 634 206 0
-606 -634 206 0
-500 -634 206 0
608 501 635 207 0
-608 -635 207 0
-501 -635 207 0
611 610 636 208 0
-611 -636 208 0
-610 -636 208 0
613 612 637 209 0
-613 -637 209 0
-612 -637 209 0
615 614 638 210 0
-615 -638 210 0
-614 -638 210 0
617 616 639 211 0
-617 -639 211 0
-616 -639 211 0
-619 -618 -640 212 0
619 640 212 0
618 640 212 0
-621 -620 -641 213 0
621 641 213 0
620 641 213 0
-630 -642 214 0
630 642 214 0
-631 -643 215 0
631 643 215 0
-631 -630 644 216 0
631 -644 216 0
630 -644 216 0
-603 -632 -645 217 0
603 645 217 0
632 645 217 0
-605 -633 -646 218 0
605 646 218 0
633 646 218 0
-607 -634 -647 219 0
607 647 219 0
634 647 219 0
-609 -635 -648 220 0
609 648 220 0
635 648 220 0
-636 -592 -649 221 0
636 649 221 0
592 649 221 0
-637 -593 -650 222 0
637 650 222 0
593 650 222 0
-638 -594 -651 223 0
638 651 223 0
594 651 223 0
-639 -595 -652 224 0
639 652 224 0
595 652 224 0
-640 -653 225 0
640 653 225 0
-641 -654 226 0
641 654 226 0
-641 -640 655 227 0
641 -655 227 0
640 -655 227 0
-643 -642 656 228 0
643 -656 228 0
642 -656 228 0
-654 -653 657 229 0
654 -657 229 0
653 -657 229 0
-450 -645 -658 230 0
450 658 230 0
645 658 230 0
450 645 -659 231 0
-450 659 231 0
-645 659 231 0
-645 -463 660 232 0
645 -660 232 0
463 -660 232 0
-451 -646 -661 233 0
451 661 233 0
646 661 233 0
451 646 -662 234 0
-451 662 234 0
-646 662 234 0
-646 -463 663 235 0
646 -663 235 0
463 -663 235 0
-452 -647 -664 236 0
452 664 236 0
647 664 236 0
452 647 -665 237 0
-452 665 237 0
-647 665 237 0
-647 -463 666 238 0
647 -666 238 0
463 -666 238 0
-453 -648 -667 239 0
453 667 239 0
648 667 239 0
453 648 -668 240 0
-453 668 240 0
-648 668 240 0
-648 -463 669 241 0
648 -669 241 0
463 -669 241 0
-454 -649 -670 242 0
454 670 242 0
649 670 242 0
454 649 -671 243 0
-454 671 243 0
-649 671 243 0
-649 -463 672 244 0
649 -672 244 0
463 -672 244 0
-455 -650 -673 245 0
455 673 245 0
650 673 245 0
455 650 -674 246 0
-455 674 246 0
-650 674 246 0
-650 -463 675 247 0
650 -675 247 0
463 -675 247 0
-456 -651 -676 248 0
456 676 248 0
651 676 248 0
456 651 -677 249 0
-456 677 249 0
-651 677 249 0
-651 -463 678 250 0
651 -678 250 0
463 -678 250 0
-457 -652 -679 251 0
457 679 251 0
652 679 251 0
457 652 -680 252 0
-457 680 252 0
-652 680 252 0
-652 -463 681 253 0
652 -681 253 0
463 -681 253 0
656 644 682 254 0
-656 -682 254 0
-644 -682 254 0
657 655 683 255 0
-657 -683 255 0
-655 -683 255 0
-658 -684 256 0
658 684 256 0
-658 -659 685 257 0
658 -685 257 0
659 -685 257 0
622 660 686 258 0
-622 -686 258 0
-660 -686 258 0
-661 -687 259 0
661 687 259 0
-661 -662 688 260 0
661 -688 260 0
662 -688 260 0
623 663 689 261 0
-623 -689 261 0
-663 -689 261 0
-664 -690 262 0
664 690 262 0
-664 -665 691 263 0
664 -691 263 0
665 -691 263 0
624 666 692 264 0
-624 -692 264 0
-666 -692 264 0
-667 -693 265 0
667 693 265 0
-667 -668 694 266 0
667 -694 266 0
668 -694 266 0
625 669 695 267 0
-625 -695 267 0
-669 -695 267 0
-670 -696 268 0
670 696 268 0
-670 -671 697 269 0
670 -697 269 0
671 -697 269 0
626 672 698 270 0
-626 -698 270 0
-672 -698 270 0
-673 -699 271 0
673 699 271 0
-673 -674 700 272 0
673 -700 272 0
674 -700 272 0
675 518 701 273 0
-675 -701 273 0
-518 -701 273 0
-676 -702 274 0
676 702 274 0
-676 -677 703 275 0
676 -703 275 0
677 -703 275 0
678 520 704 276 0
-678 -704 276 0
-520 -704 276 0
-679 -705 277 0
679 705 277 0
-679 -680 706 278 0
679 -706 278 0
680 -706 278 0
681 522 707 279 0
-681 -707 279 0
-522 -707 279 0
-467 -680 -708 280 0
467 708 280 0
680 708 280 0
-467 -677 -680 -709 281 0
467 709 281 0
677 709 281 0
680 709 281 0
-467 -674 -677 -680 -710 282 0
467 710 282 0
674 710 282 0
677 710 282 0
680 710 282 0
-684 -711 283 0
684 711 283 0
-685 -461 712 284 0
685 -712 284 0
461 -712 284 0
-684 -462 713 285 0
684 -713 285 0
462 -713 285 0
-687 -714 286 0
687 714 286 0
-688 -461 715 287 0
688 -715 287 0
461 -715 287 0
-687 -462 716 288 0
687 -716 288 0
462 -716 288 0
-690 -717 289 0
690 717 289 0
-691 -461 718 290 0
691 -718 290 0
461 -718 290 0
-690 -462 719 291 0
690 -719 291 0
462 -719 291 0
-693 -720 292 0
693 720 292 0
-694 -461 721 293 0
694 -721 293 0
461 -721 293 0
-693 -462 722 294 0
693 -722 294 0
462 -722 294 0
-696 -723 295 0
696 723 295 0
-697 -461 724 296 0
697 -724 296 0
461 -724 296 0
-696 -462 725 297 0
696 -725 297 0
462 -725 297 0
-699 -726 298 0
699 726 298 0
-700 -461 727 299 0
700 -727 299 0
461 -727 299 0
-699 -462 728 300 0
699 -728 300 0
462 -728 300 0
-702 -729 301 0
702 729 301 0
-703 -461 730 302 0
703 -730 302 0
461 -730 302 0
-702 -462 731 303 0
702 -731 303 0
462 -731 303 0
-705 -732 304 0
705 732 304 0
467 706 733 305 0
-467 -733 305 0
-706 -733 305 0
-467 -706 734 306 0
467 -734 306 0
706 -734 306 0
-706 -461 735 307 0
706 -735 307 0
461 -735 307 0
-705 -462 736 308 0
705 -736 308 0
462 -736 308 0
-705 -677 -737 309 0
705 737 309 0
677 737 309 0
-702 -674 -738 310 0
702 738 310 0
674 738 310 0
-705 -674 -677 -739 311 0
705 739 311 0
674 739 311 0
677 739 311 0
-693 -665 -740 312 0
693 740 312 0
665 740 312 0
-690 -662 -741 313 0
690 741 313 0
662 741 313 0
-693 -662 -665 -742 314 0
693 742 314 0
662 742 314 0
665 742 314 0
 682 -9 315 0
-682 9 315 0
 683 -24 316 0
-683 24 316 0
713 712 743 317 0
-713 -743 317 0
-712 -743 317 0
716 715 744 318 0
-716 -744 318 0
-715 -744 318 0
719 718 745 319 0
-719 -745 319 0
-718 -745 319 0
722 721 746 320 0
-722 -746 320 0
-721 -746 320 0
-710 -726 -738 -739 -747 321 0
710 747 321 0
726 747 321 0
738 747 321 0
739 747 321 0
725 724 748 322 0
-725 -748 322 0
-724 -748 322 0
-709 -729 -737 -749 323 0
709 749 323 0
729 749 323 0
737 749 323 0
728 727 750 324 0
-728 -750 324 0
-727 -750 324 0
-708 -732 -751 325 0
708 751 325 0
732 751 325 0
731 730 752 326 0
-731 -752 326 0
-730 -752 326 0
734 733 753 327 0
-734 -753 327 0
-733 -753 327 0
736 735 754 328 0
-736 -754 328 0
-735 -754 328 0
747 697 755 329 0
-747 -755 329 0
-697 -755 329 0
-747 -697 756 330 0
747 -756 330 0
697 -756 330 0
749 700 757 331 0
-749 -757 331 0
-700 -757 331 0
-749 -700 758 332 0
749 -758 332 0
700 -758 332 0
751 703 759 333 0
-751 -759 333 0
-703 -759 333 0
-751 -703 760 334 0
751 -760 334 0
703 -760 334 0
-753 -460 761 335 0
753 -761 335 0
460 -761 335 0
-747 -671 -762 336 0
747 762 336 0
671 762 336 0
-723 -762 -763 337 0
723 763 337 0
762 763 337 0
756 755 764 338 0
-756 -764 338 0
-755 -764 338 0
758 757 765 339 0
-758 -765 339 0
-757 -765 339 0
760 759 766 340 0
-760 -766 340 0
-759 -766 340 0
761 521 767 341 0
-761 -767 341 0
-521 -767 341 0
763 694 768 342 0
-763 -768 342 0
-694 -768 342 0
-763 -694 769 343 0
763 -769 343 0
694 -769 343 0
-764 -460 770 344 0
764 -770 344 0
460 -770 344 0
-765 -460 771 345 0
765 -771 345 0
460 -771 345 0
-766 -460 772 346 0
766 -772 346 0
460 -772 346 0
-629 -767 -754 -707 -773 347 0
629 773 347 0
767 773 347 0
754 773 347 0
707 773 347 0
-763 -668 -774 348 0
763 774 348 0
668 774 348 0
-763 -665 -668 -775 349 0
763 775 349 0
665 775 349 0
668 775 349 0
-763 -662 -665 -668 -776 350 0
763 776 350 0
662 776 350 0
665 776 350 0
668 776 350 0
-776 -714 -741 -742 -777 351 0
776 777 351 0
714 777 351 0
741 777 351 0
742 777 351 0
-775 -717 -740 -778 352 0
775 778 352 0
717 778 352 0
740 778 352 0
-774 -720 -779 353 0
774 779 353 0
720 779 353 0
769 768 780 354 0
-769 -780 354 0
-768 -780 354 0
770 516 781 355 0
-770 -781 355 0
-516 -781 355 0
771 517 782 356 0
-771 -782 356 0
-517 -782 356 0
772 519 783 357 0
-772 -783 357 0
-519 -783 357 0
-773 -784 358 0
773 784 358 0
777 685 785 359 0
-777 -785 359 0
-685 -785 359 0
-777 -685 786 360 0
777 -786 360 0
685 -786 360 0
778 688 787 361 0
-778 -787 361 0
-688 -787 361 0
-778 -688 788 362 0
778 -788 362 0
688 -788 362 0
779 691 789 363 0
-779 -789 363 0
-691 -789 363 0
-779 -691 790 364 0
779 -790 364 0
691 -790 364 0
-780 -460 791 365 0
780 -791 365 0
460 -791 365 0
-698 -781 -748 -792 366 0
698 792 366 0
781 792 366 0
748 792 366 0
-627 -782 -750 -701 -793 367 0
627 793 367 0
782 793 367 0
750 793 367 0
701 793 367 0
-628 -783 -752 -704 -794 368 0
628 794 368 0
783 794 368 0
752 794 368 0
704 794 368 0
-784 -795 369 0
784 795 369 0
-659 -777 -796 370 0
659 796 370 0
777 796 370 0
786 785 797 371 0
-786 -797 371 0
-785 -797 371 0
788 787 798 372 0
-788 -798 372 0
-787 -798 372 0
790 789 799 373 0
-790 -799 373 0
-789 -799 373 0
791 515 800 374 0
-791 -800 374 0
-515 -800 374 0
-792 -801 375 0
792 801 375 0
-793 -802 376 0
793 802 376 0
-794 -803 377 0
794 803 377 0
-796 -711 804 378 0
796 -804 378 0
711 -804 378 0
 795 -23 379 0
-795 23 379 0
-797 -460 805 380 0
797 -805 380 0
460 -805 380 0
-798 -460 806 381 0
798 -806 381 0
460 -806 381 0
-799 -460 807 382 0
799 -807 382 0
460 -807 382 0
-695 -800 -746 -808 383 0
695 808 383 0
800 808 383 0
746 808 383 0
-801 -809 384 0
801 809 384 0
-802 -810 385 0
802 810 385 0
-803 -811 386 0
803 811 386 0
-804 -812 387 0
804 812 387 0
805 568 813 388 0
-805 -813 388 0
-568 -813 388 0
806 513 814 389 0
-806 -814 389 0
-513 -814 389 0
807 514 815 390 0
-807 -815 390 0
-514 -815 390 0
-808 -816 391 0
808 816 391 0
 809 -22 392 0
-809 22 392 0
 810 -21 393 0
-810 21 393 0
 811 -20 394 0
-811 20 394 0
 812 -19 395 0
-812 19 395 0
-686 -813 -743 -817 396 0
686 817 396 0
813 817 396 0
743 817 396 0
-689 -814 -744 -818 397 0
689 818 397 0
814 818 397 0
744 818 397 0
-692 -815 -745 -819 398 0
692 819 398 0
815 819 398 0
745 819 398 0
-816 -820 399 0
816 820 399 0
-817 -821 400 0
817 821 400 0
-818 -822 401 0
818 822 401 0
-819 -823 402 0
819 823 402 0
 820 -18 403 0
-820 18 403 0
-821 -824 404 0
821 824 404 0
-822 -825 405 0
822 825 405 0
-823 -826 406 0
823 826 406 0
 824 -17 407 0
-824 17 407 0
 825 -26 408 0
-825 26 408 0
 826 -25 409 0
-826 25 409 0
-410 0
-411 0
-412 0
413 0
414 0
415 0
416 0
417 0
418 0
-419 0
-420 0
-421 0
422 0
-423 0
-424 0
-425 0
426 0
-427 0
-428 0
-429 0
430 0
431 0
-432 0
433 0
434 0
435 0
436 0
437 0
438 0
439 0
-440 0
-441 0
442 0
-443 0
444 0
-445 0
446 0
447 0
-448 0
-449 0
450 0
-451 0
-452 0
-453 0
-454 0
-455 0
-456 0
-457 0
-458 0
459 0
-460 0
-461 0
-462 0
-463 0
464 0
465 0
-466 0
-467 0
-468 0
469 0
8 0
-7 0
-6 0
5 0
4 0
-3 0
-2 0
-1 0
-16 0
15 0
-14 0
13 0
12 0
11 0
-10 0
9 0
-24 0
-23 0
-22 0
-21 0
-20 0
19 0
-18 0
-17 0
26 0
-25 0
-27 0
-28 0
-29 0
-30 0
-31 0
-32 0
-33 0
-34 0
-35 0
-36 0
-37 0
-38 0
-39 0
-40 0
-41 0
-42 0
-43 0
-44 0
-45 0
-46 0
-47 0
-48 0
-49 0
-50 0
-51 0
-52 0
-53 0
-54 0
-55 0
-56 0
-57 0
-58 0
-59 0
-60 0
-61 0
-62 0
-63 0
-64 0
-65 0
-66 0
-67 0
-68 0
-69 0
-70 0
-71 0
-72 0
-73 0
-74 0
-75 0
-76 0
-77 0
-78 0
-79 0
-80 0
-81 0
-82 0
-83 0
-84 0
-85 0
-86 0
-87 0
-88 0
-89 0
-90 0
-91 0
-92 0
-93 0
-94 0
-95 0
-96 0
-97 0
-98 0
-99 0
-100 0
-101 0
-102 0
-103 0
-104 0
-105 0
-106 0
-107 0
-108 0
-109 0
-110 0
-111 0
-112 0
-113 0
-114 0
-115 0
-116 0
-117 0
-118 0
-119 0
-120 0
-121 0
-122 0
-123 0
-124 0
-125 0
-126 0
-127 0
-128 0
-129 0
-130 0
-131 0
-132 0
-133 0
-134 0
-135 0
-136 0
-137 0
-138 0
-139 0
-140 0
-141 0
-142 0
-143 0
-144 0
-145 0
-146 0
-147 0
-148 0
-149 0
-150 0
-151 0
-152 0
-153 0
-154 0
-155 0
-156 0
-157 0
-158 0
-159 0
-160 0
-161 0
-162 0
-163 0
-164 0
-165 0
-166 0
-167 0
-168 0
-169 0
-170 0
-171 0
-172 0
-173 0
-174 0
-175 0
-176 0
-177 0
-178 0
-179 0
-180 0
-181 0
-182 0
-183 0
-184 0
-185 0
-186 0
-187 0
-188 0
-189 0
-190 0
-191 0
-192 0
-193 0
-194 0
-195 0
-196 0
-197 0
-198 0
-199 0
-200 0
-201 0
-202 0
-203 0
-204 0
-205 0
-206 0
-207 0
-208 0
-209 0
-210 0
-211 0
-212 0
-213 0
-214 0
-215 0
-216 0
-217 0
-218 0
-219 0
-220 0
-221 0
-222 0
-223 0
-224 0
-225 0
-226 0
-227 0
-228 0
-229 0
-230 0
-231 0
-232 0
-233 0
-234 0
-235 0
-236 0
-237 0
-238 0
-239 0
-240 0
-241 0
-242 0
-243 0
-244 0
-245 0
-246 0
-247 0
-248 0
-249 0
-250 0
-251 0
-252 0
-253 0
-254 0
-255 0
-256 0
-257 0
-258 0
-259 0
-260 0
-261 0
-262 0
-263 0
-264 0
-265 0
-266 0
-267 0
-268 0
-269 0
-270 0
-271 0
-272 0
-273 0
-274 0
-275 0
-276 0
-277 0
-278 0
-279 0
-280 0
-281 0
-282 0
-283 0
-284 0
-285 0
-286 0
-287 0
-288 0
-289 0
-290 0
-291 0
-292 0
-293 0
-294 0
-295 0
-296 0
-297 0
-298 0
-299 0
-300 0
-301 0
-302 0
-303 0
-304 0
-305 0
-306 0
-307 0
-308 0
-309 0
-310 0
-311 0
-312 0
-313 0
-314 0
-315 0
-316 0
-317 0
-318 0
-319 0
-320 0
-321 0
-322 0
-323 0
-324 0
-325 0
-326 0
-327 0
-328 0
-329 0
-330 0
-331 0
-332 0
-333 0
-334 0
-335 0
-336 0
-337 0
-338 0
-339 0
-340 0
-341 0
-342 0
-343 0
-344 0
-345 0
-346 0
-347 0
-348 0
-349 0
-350 0
-351 0
-352 0
-353 0
-354 0
-355 0
-356 0
-357 0
-358 0
-359 0
-360 0
-361 0
-362 0
-363 0
-364 0
-365 0
-366 0
-367 0
-368 0
-369 0
-370 0
-371 0
-372 0
-373 0
-374 0
-375 0
-376 0
-377 0
-378 0
-379 0
-380 0
-381 0
-382 0
-383 0
-384 0
-385 0
-386 0
-387 0
-388 0
-389 0
-390 0
-391 0
-392 0
-393 0
-394 0
-395 0
-396 0
-397 0
-398 0
-399 0
-400 0
-401 0
-402 0
-403 0
-404 0
-405 0
-406 0
-407 0
-408 0
-409 0
